0001 10 23 29 33 37 40 16
0002 09 13 21 25 32 42 02
0003 11 16 19 21 27 31 30
0004 14 27 30 31 40 42 02
0005 16 24 29 40 41 42 03
0006 14 15 26 27 40 42 34
0007 02 09 16 25 26 40 42
0008 08 19 25 34 37 39 09
0009 02 04 16 17 36 39 14
0010 09 25 30 33 41 44 06
0011 01 07 36 37 41 42 14
0012 02 11 21 25 39 45 44
0013 22 23 25 37 38 42 26
0014 02 06 12 31 33 40 15
0015 03 04 16 30 31 37 13
0016 06 07 24 37 38 40 33
0017 03 04 09 17 32 37 01
0018 03 12 13 19 32 35 29
0019 06 30 38 39 40 43 26
0020 10 14 18 20 23 30 41
0021 06 12 17 18 31 32 21
0022 04 05 06 08 17 39 25
0023 05 13 17 18 33 42 44
0024 07 08 27 29 36 43 06
0025 02 04 21 26 43 44 16
0026 04 05 07 18 20 25 31
0027 01 20 26 28 37 43 27
0028 09 18 23 25 35 37 01
0029 01 05 13 34 39 40 11
0030 08 17 20 35 36 44 04
0031 07 09 18 23 28 35 32
0032 06 14 19 25 34 44 11
0033 04 07 32 33 40 41 09
0034 09 26 35 37 40 42 02
0035 02 03 11 26 37 43 39
0036 01 10 23 26 28 40 31
0037 07 27 30 33 35 37 42
0038 16 17 22 30 37 43 36
0039 06 07 13 15 21 43 08
0040 07 13 18 19 25 26 06
0041 13 20 23 35 38 43 34
0042 17 18 19 21 23 32 01
0043 06 31 35 38 39 44 01
0044 03 11 21 30 38 45 39
0045 01 10 20 27 33 35 17
0046 08 13 15 23 31 38 39
0047 14 17 26 31 36 45 27
0048 06 10 18 26 37 38 03
0049 04 07 16 19 33 40 30
0050 02 10 12 15 22 44 01
0051 02 03 11 16 26 44 35
0052 02 04 15 16 20 29 01
0053 07 08 14 32 33 39 42
0054 01 08 21 27 36 39 37
0055 17 21 31 37 40 44 07
0056 10 14 30 31 33 37 19
0057 07 10 16 25 29 44 06
0058 10 24 25 33 40 44 01
0059 06 29 36 39 41 45 13
0060 02 08 25 36 39 42 11
0061 14 15 19 30 38 43 08
0062 03 08 15 27 29 35 21
0063 03 20 23 36 38 40 05
0064 14 15 18 21 26 36 39
0065 04 25 33 36 40 43 39
0066 02 03 07 17 22 24 45
0067 03 07 10 15 36 38 33
0068 10 12 15 16 26 39 38
0069 05 08 14 15 19 39 35
0070 05 19 22 25 28 43 26
0071 05 09 12 16 29 41 21
0072 02 04 11 17 26 27 01
0073 03 12 18 32 40 43 38
0074 06 15 17 18 35 40 23
0075 02 05 24 32 34 44 28
0076 01 03 15 22 25 37 43
0077 02 18 29 32 43 44 37
0078 10 13 25 29 33 35 38
0079 03 12 24 27 30 32 14
0080 17 18 24 25 26 30 01
0081 05 07 11 13 20 33 06
0082 01 02 03 14 27 42 39
0083 06 10 15 17 19 34 14
0084 16 23 27 34 42 45 11
0085 06 08 13 23 31 36 21
0086 02 12 37 39 41 45 33
0087 04 12 16 23 34 43 26
0088 01 17 20 24 30 41 27
0089 04 26 28 29 33 40 37
0090 17 20 29 35 38 44 10
0091 01 21 24 26 29 42 27
0092 03 14 24 33 35 36 17
0093 06 22 24 36 38 44 19
0094 05 32 34 40 41 45 06
0095 08 17 27 31 34 43 14
0096 01 03 08 21 22 31 20
0097 06 07 14 15 20 36 03
0098 06 09 16 23 24 32 43
0099 01 03 10 27 29 37 11
0100 01 07 11 23 37 42 06
0101 01 03 17 32 35 45 08
0102 17 22 24 26 35 40 42
0103 05 14 15 27 30 45 10
0104 17 32 33 34 42 44 35
0105 08 10 20 34 41 45 28
0106 04 10 12 22 24 33 29
0107 01 04 05 06 09 31 17
0108 07 18 22 23 29 44 12
0109 01 05 34 36 42 44 33
0110 07 20 22 23 29 43 01
0111 07 18 31 33 36 40 27
0112 26 29 30 33 41 42 43
0113 04 09 28 33 36 45 26
0114 11 14 19 26 28 41 02
0115 01 02 06 09 25 28 31
0116 02 04 25 31 34 37 17
0117 05 10 22 34 36 44 35
0118 03 04 10 17 19 22 38
0119 03 11 13 14 17 21 38
0120 04 06 10 11 32 37 30
0121 12 28 30 34 38 43 09
0122 01 11 16 17 36 40 08
0123 07 17 18 28 30 45 27
0124 04 16 23 25 29 42 01
0125 02 08 32 33 35 36 18
0126 07 20 22 27 40 43 01
0127 03 05 10 29 32 43 35
0128 12 30 34 36 37 45 39
0129 19 23 25 28 38 42 17
0130 07 19 24 27 42 45 31
0131 08 10 11 14 15 21 37
0132 03 17 23 34 41 45 43
0133 04 07 15 18 23 26 13
0134 03 12 20 23 31 35 43
0135 06 14 22 28 35 39 16
0136 02 16 30 36 41 42 11
0137 07 09 20 25 36 39 15
0138 10 11 27 28 37 39 19
0139 09 11 15 20 28 43 13
0140 03 13 17 18 19 28 08
0141 08 12 29 31 42 43 02
0142 12 16 30 34 40 44 19
0143 26 27 28 42 43 45 08
0144 04 15 17 26 36 37 43
0145 02 03 13 20 27 44 09
0146 02 19 27 35 41 42 25
0147 04 06 13 21 40 42 36
0148 21 25 33 34 35 36 17
0149 02 11 21 34 41 42 27
0150 02 18 25 28 37 39 16
0151 01 02 10 13 18 19 15
0152 01 05 13 26 29 34 43
0153 03 08 11 12 13 36 33
0154 06 19 21 35 40 45 20
0155 16 19 20 32 33 41 04
0156 05 18 28 30 42 45 02
0157 19 26 30 33 35 39 37
0158 04 09 13 18 21 34 07
0159 01 18 30 41 42 43 32
0160 03 07 08 34 39 41 01
0161 22 34 36 40 42 45 44
0162 01 05 21 25 38 41 24
0163 07 11 26 28 29 44 16
0164 06 09 10 11 39 41 27
0165 05 13 18 19 22 42 31
0166 09 12 27 36 39 45 14
0167 24 27 28 30 36 39 04
0168 03 10 31 40 42 43 30
0169 16 27 35 37 43 45 19
0170 02 11 13 15 31 42 10
0171 04 16 25 29 34 35 01
0172 04 19 21 24 26 41 35
0173 03 09 24 30 33 34 18
0174 13 14 18 22 35 39 16
0175 19 26 28 31 33 36 17
0176 04 17 30 32 33 34 15
0177 01 10 13 16 37 43 06
0178 01 05 11 12 18 23 09
0179 05 09 17 25 39 43 32
0180 02 15 20 21 29 34 22
0181 14 21 23 32 40 45 44
0182 13 15 27 29 34 40 35
0183 02 18 24 34 40 42 05
0184 01 02 06 16 20 33 41
0185 01 02 04 08 19 38 14
0186 04 10 14 19 21 45 09
0187 01 02 08 18 29 38 42
0188 19 24 27 30 31 34 36
0189 08 14 32 35 37 45 28
0190 08 14 18 30 31 44 15
0191 05 06 24 25 32 37 08
0192 04 08 11 18 37 45 33
0193 06 14 18 26 36 39 13
0194 15 20 23 26 39 44 28
0195 07 10 19 22 35 40 31
0196 35 36 37 41 44 45 30
0197 07 12 16 34 42 45 04
0198 12 19 20 25 41 45 02
0199 14 21 22 25 30 36 43
0200 05 06 13 14 17 20 07
0201 03 11 24 38 39 44 26
0202 12 14 27 33 39 44 17
0203 01 03 11 24 30 32 07
0204 03 12 14 35 40 45 05
0205 01 03 21 29 35 37 30
0206 01 02 03 15 20 25 43
0207 03 11 14 31 32 37 38
0208 14 25 31 34 40 44 24
0209 02 07 18 20 24 33 37
0210 10 19 22 23 25 37 39
0211 12 13 17 20 33 41 08
0212 11 12 18 21 31 38 08
0213 02 03 04 05 20 24 42
0214 05 07 20 25 28 37 32
0215 02 03 07 15 43 44 04
0216 07 16 17 33 36 40 01
0217 16 20 27 33 35 39 38
0218 01 08 14 18 29 44 20
0219 04 11 20 26 35 37 16
0220 05 11 19 21 34 43 31
0221 02 20 33 35 37 40 10
0222 05 07 28 29 39 43 44
0223 01 03 18 20 26 27 38
0224 04 19 26 27 30 42 07
0225 05 11 13 19 31 36 07
0226 02 06 08 14 21 22 34
0227 04 05 15 16 22 42 02
0228 17 25 35 36 39 44 23
0229 04 05 09 11 23 38 35
0230 05 11 14 29 32 33 12
0231 05 10 19 31 44 45 27
0232 08 09 10 12 24 44 35
0233 04 06 13 17 28 40 39
0234 13 21 22 24 26 37 04
0235 21 22 26 27 31 37 08
0236 01 04 08 13 37 39 07
0237 01 11 17 21 24 44 33
0238 02 04 15 28 31 34 35
0239 11 15 24 39 41 44 07
0240 06 10 16 40 41 43 21
0241 02 16 24 27 28 35 21
0242 04 19 20 21 32 34 43
0243 02 12 17 19 28 42 34
0244 13 16 25 36 37 38 19
0245 09 11 27 31 32 38 22
0246 13 18 21 23 26 39 15
0247 12 15 28 36 39 40 13
0248 03 08 17 23 38 45 13
0249 03 08 27 31 41 44 11
0250 19 23 30 37 43 45 38
0251 06 07 19 25 28 38 45
0252 14 23 26 31 39 45 28
0253 08 19 25 31 34 36 33
0254 01 05 19 20 24 30 27
0255 01 05 06 24 27 42 32
0256 04 11 14 21 23 43 32
0257 06 13 27 31 32 37 04
0258 14 27 30 31 38 40 17
0259 04 05 14 35 42 45 34
0260 07 12 15 24 37 40 43
0261 06 11 16 18 31 43 02
0262 09 12 24 25 29 31 36
0263 01 27 28 32 37 40 18
0264 09 16 27 36 41 44 05
0265 05 09 34 37 38 39 12
0266 03 04 09 11 22 42 37
0267 07 08 24 34 36 41 01
0268 03 10 19 24 32 45 12
0269 05 18 20 36 42 43 32
0270 05 09 12 20 21 26 27
0271 03 08 09 27 29 40 36
0272 07 09 12 27 39 43 28
0273 01 08 24 31 34 44 06
0274 13 14 15 26 35 39 25
0275 14 19 20 35 38 40 26
0276 04 15 21 33 39 41 25
0277 10 12 13 15 25 29 20
0278 03 11 37 39 41 43 13
0279 07 16 31 36 37 38 11
0280 10 11 23 24 36 37 35
0281 01 03 04 06 14 41 12
0282 02 05 10 18 31 32 30
0283 06 08 18 31 38 45 42
0284 02 07 15 24 30 45 28
0285 13 33 37 40 41 45 02
0286 01 15 19 40 42 44 17
0287 06 12 24 27 35 37 41
0288 01 12 17 28 35 41 10
0289 03 14 33 37 38 42 10
0290 08 13 18 32 39 45 07
0291 03 07 08 18 20 42 45
0292 17 18 31 32 33 34 10
0293 01 09 17 21 29 33 24
0294 06 10 17 30 37 38 40
0295 01 04 12 16 18 38 08
0296 03 08 15 27 30 45 44
0297 06 11 19 20 28 32 34
0298 05 09 27 29 37 40 19
0299 01 03 20 25 36 45 24
0300 07 09 10 12 26 38 39
0301 07 11 13 33 37 43 26
0302 13 19 20 32 38 42 04
0303 02 14 17 30 38 45 43
0304 04 10 16 26 33 41 38
0305 07 08 18 21 23 39 09
0306 04 18 23 30 34 41 19
0307 05 15 21 23 25 45 12
0308 14 15 17 19 37 45 40
0309 01 02 05 11 18 36 22
0310 01 05 19 28 34 41 16
0311 04 12 24 27 28 32 10
0312 02 03 05 06 12 20 25
0313 09 17 34 35 43 45 02
0314 15 17 19 34 38 41 02
0315 01 13 33 35 43 45 23
0316 10 11 21 27 31 39 43
0317 03 10 11 22 36 39 08
0318 02 17 19 20 34 45 21
0319 05 08 22 28 33 42 37
0320 16 19 23 25 41 45 03
0321 12 18 20 21 25 34 42
0322 09 18 29 32 38 43 20
0323 10 14 15 32 36 42 03
0324 02 04 21 25 33 36 17
0325 07 17 20 32 44 45 33
0326 16 23 25 33 36 39 40
0327 06 12 13 17 32 44 24
0328 01 06 09 16 17 28 24
0329 09 17 19 30 35 42 04
0330 03 04 16 17 19 20 23
0331 04 09 14 26 31 44 39
0332 16 17 34 36 42 45 03
0333 05 14 27 30 39 43 35
0334 13 15 21 29 39 43 33
0335 05 09 16 23 26 45 21
0336 03 05 20 34 35 44 16
0337 01 05 14 18 32 37 04
0338 02 13 34 38 42 45 16
0339 06 08 14 21 30 37 45
0340 18 24 26 29 34 38 32
0341 01 08 19 34 39 43 41
0342 01 13 14 33 34 43 25
0343 01 10 17 29 31 43 15
0344 01 02 15 28 34 45 38
0345 15 20 23 29 39 42 02
0346 05 13 14 22 44 45 33
0347 03 08 13 27 32 42 10
0348 03 14 17 20 24 31 34
0349 05 13 14 20 24 25 36
0350 01 08 18 24 29 33 35
0351 05 25 27 29 34 36 33
0352 05 16 17 20 26 41 24
0353 11 16 19 22 29 36 26
0354 14 19 36 43 44 45 01
0355 05 08 29 30 35 44 38
0356 02 08 14 25 29 45 24
0357 10 14 18 21 36 37 05
0358 01 09 10 12 21 40 37
0359 01 10 19 20 24 40 23
0360 04 16 23 25 35 40 27
0361 05 10 16 24 27 35 33
0362 02 03 22 27 30 40 29
0363 11 12 14 21 32 38 06
0364 02 05 07 14 16 40 04
0365 05 15 21 25 26 30 31
0366 05 12 19 26 27 44 38
0367 03 22 25 29 32 44 19
0368 11 21 24 30 39 45 26
0369 17 20 35 36 41 43 21
0370 16 18 24 42 44 45 17
0371 07 09 15 26 27 42 18
0372 08 11 14 16 18 21 13
0373 15 26 37 42 43 45 09
0374 11 13 15 17 25 34 26
0375 04 08 19 25 27 45 07
0376 01 11 13 24 28 40 07
0377 06 22 29 37 43 45 23
0378 05 22 29 31 34 39 43
0379 06 10 22 31 35 40 19
0380 01 02 08 17 26 37 27
0381 01 05 10 12 16 20 11
0382 10 15 22 24 27 42 19
0383 04 15 28 33 37 40 25
0384 11 22 24 32 36 38 07
0385 07 12 19 21 29 32 09
0386 04 07 10 19 31 40 26
0387 01 26 31 34 40 43 20
0388 01 08 09 17 29 32 45
0389 07 16 18 20 23 26 03
0390 16 17 28 37 39 40 15
0391 10 11 18 22 28 39 30
0392 01 03 07 08 24 42 43
0393 09 16 28 40 41 43 21
0394 01 13 20 22 25 28 15
0395 11 15 20 26 31 35 07
0396 18 20 31 34 40 45 30
0397 12 13 17 22 25 33 08
0398 10 15 20 23 42 44 07
0399 01 02 09 17 19 42 20
0400 09 21 27 34 41 43 02
0401 06 12 18 31 38 43 09
0402 05 09 15 19 22 36 32
0403 10 14 22 24 28 37 26
0404 05 20 21 24 33 40 36
0405 01 02 10 25 26 44 04
0406 07 12 21 24 27 36 45
0407 06 07 13 16 24 25 01
0408 09 20 21 22 30 37 16
0409 06 09 21 31 32 40 38
0410 01 03 18 32 40 41 16
0411 11 14 22 35 37 39 05
0412 04 07 39 41 42 45 40
0413 02 09 15 23 34 40 03
0414 02 14 15 22 23 44 43
0415 07 17 20 26 30 40 24
0416 05 06 08 11 22 26 44
0417 04 05 14 20 22 43 44
0418 11 13 15 26 28 34 31
0419 02 11 13 14 28 30 07
0420 04 09 10 29 31 34 27
0421 06 11 26 27 28 44 30
0422 08 15 19 21 34 44 12
0423 01 17 27 28 29 40 05
0424 10 11 26 31 34 44 30
0425 08 10 14 27 33 38 03
0426 04 17 18 27 39 43 19
0427 06 07 15 24 28 30 21
0428 12 16 19 22 37 40 08
0429 03 23 28 34 39 42 16
0430 01 03 16 18 30 34 44
0431 18 22 25 31 38 45 06
0432 02 03 05 11 27 39 33
0433 19 23 29 33 35 43 27
0434 03 13 20 24 33 37 35
0435 08 16 26 30 38 45 42
0436 09 14 20 22 33 34 28
0437 11 16 29 38 41 44 21
0438 06 12 20 26 29 38 45
0439 17 20 30 31 37 40 25
0440 10 22 28 34 36 44 02
0441 01 23 28 30 34 35 09
0442 25 27 29 36 38 40 41
0443 04 06 10 19 20 44 14
0444 11 13 23 35 43 45 17
0445 13 20 21 30 39 45 32
0446 01 11 12 14 26 35 06
0447 02 07 08 09 17 33 34
0448 03 07 13 27 40 41 36
0449 03 10 20 26 35 43 36
0450 06 14 19 21 23 31 13
0451 12 15 20 24 30 38 29
0452 08 10 18 30 32 34 27
0453 12 24 33 38 40 42 30
0454 13 25 27 34 38 41 10
0455 04 19 20 26 30 35 24
0456 01 07 12 18 23 27 44
0457 08 10 18 23 27 40 33
0458 04 09 10 32 36 40 18
0459 04 06 10 14 25 40 12
0460 08 11 28 30 43 45 41
0461 11 18 26 31 37 40 43
0462 03 20 24 32 37 45 04
0463 23 29 31 33 34 44 40
0464 06 12 15 34 42 44 04
0465 01 08 11 13 22 38 31
0466 04 10 13 23 32 44 20
0467 02 12 14 17 24 40 39
0468 08 13 15 28 37 43 17
0469 04 21 22 34 37 38 33
0470 10 16 20 39 41 42 27
0471 06 13 29 37 39 41 43
0472 16 25 26 31 36 43 44
0473 08 13 20 22 23 36 34
0474 04 13 18 31 33 45 43
0475 01 09 14 16 21 29 03
0476 09 12 13 15 37 38 27
0477 14 25 29 32 33 45 37
0478 18 29 30 37 39 43 08
0479 08 23 25 27 35 44 24
0480 03 05 10 17 30 31 16
0481 03 04 23 29 40 41 20
0482 01 10 16 24 25 35 43
0483 12 15 19 22 28 34 05
0484 01 03 27 28 32 45 11
0485 17 22 26 27 36 39 20
0486 01 02 23 25 38 40 43
0487 04 08 25 27 37 41 21
0488 02 08 17 30 31 38 25
0489 02 04 08 15 20 27 11
0490 02 07 26 29 40 43 42
0491 08 17 35 36 39 42 04
0492 22 27 31 35 37 40 42
0493 20 22 26 33 36 37 25
0494 05 07 08 15 30 43 22
0495 04 13 22 27 34 44 06
0496 04 13 20 29 36 41 39
0497 19 20 23 24 43 44 13
0498 13 14 24 32 39 41 03
0499 05 20 23 27 35 40 43
0500 03 04 12 20 24 34 41
0501 01 04 10 17 31 42 02
0502 06 22 28 32 34 40 26
0503 01 05 27 30 34 36 40
0504 06 14 22 26 43 44 31
0505 07 20 22 25 38 40 44
0506 06 09 11 22 24 30 31
0507 12 13 32 33 40 41 04
0508 05 27 31 34 35 43 37
0509 12 25 29 35 42 43 24
0510 12 29 32 33 39 40 42
0511 03 07 14 23 26 42 24
0512 04 05 09 13 26 27 01
0513 05 08 21 23 27 33 12
0514 01 15 20 26 35 42 09
0515 02 11 12 15 23 37 08
0516 02 08 23 41 43 44 30
0517 01 09 12 28 36 41 10
0518 14 23 30 32 34 38 06
0519 06 08 13 16 30 43 03
0520 04 22 27 28 38 40 01
0521 03 07 18 29 32 36 19
0522 04 05 13 14 37 41 11
0523 01 04 37 38 40 45 07
0524 10 11 29 38 41 45 21
0525 11 23 26 29 39 44 22
0526 07 14 17 20 35 39 31
0527 01 12 22 32 33 42 38
0528 05 17 25 31 39 40 10
0529 18 20 24 27 31 42 39
0530 16 23 27 29 33 41 22
0531 01 05 09 21 27 35 45
0532 16 17 23 24 29 44 03
0533 09 14 15 17 31 33 23
0534 10 24 26 29 37 38 32
0535 11 12 14 15 18 39 34
0536 07 08 18 32 37 43 12
0537 12 23 26 30 36 43 11
0538 06 10 18 31 32 34 11
0539 03 19 22 31 42 43 26
0540 03 12 13 15 34 36 14
0541 08 13 26 28 32 34 43
0542 05 06 19 26 41 45 34
0543 13 18 26 31 34 44 12
0544 05 17 21 25 36 44 10
0545 04 24 25 27 34 35 02
0546 08 17 20 27 37 43 06
0547 06 07 15 22 34 39 28
0548 01 12 13 21 32 45 14
0549 29 31 35 38 40 44 17
0550 01 07 14 20 34 37 41
0551 03 06 20 24 27 44 25
0552 01 10 20 32 35 40 43
0553 02 07 17 28 29 39 37
0554 13 14 17 32 41 42 06
0555 11 17 21 24 26 36 12
0556 12 20 23 28 30 44 43
0557 04 20 26 28 35 40 31
0558 12 15 19 26 40 43 29
0559 11 12 25 32 44 45 23
0560 01 04 20 23 29 45 28
0561 05 07 18 37 42 45 20
0562 04 11 13 17 20 31 33
0563 05 10 16 17 31 32 21
0564 14 19 25 26 27 34 02
0565 04 10 18 27 40 45 38
0566 04 05 06 25 26 43 41
0567 01 10 15 16 32 41 28
0568 01 03 17 20 31 44 40
0569 03 06 13 23 24 35 01
0570 01 12 26 27 29 33 42
0571 11 18 21 26 38 43 29
0572 03 13 18 33 37 45 01
0573 02 04 20 34 35 43 14
0574 14 15 16 19 25 43 02
0575 02 08 20 30 33 34 06
0576 10 11 15 25 35 41 13
0577 16 17 22 31 34 37 33
0578 05 12 14 32 34 42 16
0579 05 07 20 22 37 42 39
0580 05 07 09 11 32 35 33
0581 03 05 14 20 42 44 33
0582 02 12 14 33 40 41 25
0583 08 17 27 33 40 44 24
0584 07 18 30 39 40 41 36
0585 06 07 10 16 38 41 04
0586 02 07 12 15 21 34 05
0587 14 21 29 31 32 37 17
0588 02 08 15 22 25 41 30
0589 06 08 28 33 38 39 22
0590 20 30 36 38 41 45 23
0591 08 13 14 30 38 39 05
0592 02 05 06 13 28 44 43
0593 09 10 13 24 33 38 28
0594 02 08 13 25 28 37 03
0595 08 24 28 35 38 40 05
0596 03 04 12 14 25 43 17
0597 08 10 23 24 35 43 37
0598 04 12 24 33 38 45 22
0599 05 12 17 29 34 35 27
0600 05 11 14 27 29 36 44
0601 02 16 19 31 34 35 37
0602 13 14 22 27 30 38 02
0603 02 19 25 26 27 43 28
0604 02 06 18 21 33 34 30
0605 01 02 07 09 10 38 42
0606 01 05 06 14 20 39 22
0607 08 14 23 36 38 39 13
0608 04 08 18 19 39 44 41
0609 04 08 27 34 39 40 13
0610 14 18 20 23 28 36 33
0611 02 22 27 33 36 37 14
0612 06 09 18 19 25 33 40
0613 07 08 11 16 41 44 35
0614 08 21 25 39 40 44 18
0615 10 17 18 19 23 27 35
0616 05 13 18 23 40 45 03
0617 04 05 11 12 24 27 28
0618 08 16 25 30 42 43 15
0619 06 08 13 30 35 40 21
0620 02 16 17 32 39 45 40
0621 01 02 06 16 19 42 09
0622 09 15 16 21 28 34 24
0623 07 13 30 39 41 45 25
0624 01 07 19 26 27 35 16
0625 03 06 07 20 21 39 13
0626 13 14 26 33 40 43 15
0627 02 09 22 25 31 45 12
0628 01 07 12 15 23 42 11
0629 19 28 31 38 43 44 01
0630 08 17 21 24 27 31 15
0631 01 02 04 23 31 34 08
0632 15 18 21 32 35 44 06
0633 09 12 19 20 39 41 13
0634 04 10 11 12 20 27 38
0635 11 13 25 26 29 33 32
0636 06 07 15 16 20 31 26
0637 03 16 22 37 38 44 23
0638 07 18 22 24 31 34 06
0639 06 15 22 23 25 32 40
0640 14 15 18 21 26 35 23
0641 11 18 21 36 37 43 12
0642 08 17 18 24 39 45 32
0643 15 24 31 32 33 40 13
0644 05 13 17 23 28 36 08
0645 01 04 16 26 40 41 31
0646 02 09 24 41 43 45 30
0647 05 16 21 23 24 30 29
0648 13 19 28 37 38 43 04
0649 03 21 22 33 41 42 20
0650 03 04 07 11 31 41 35
0651 11 12 16 26 29 44 18
0652 03 13 15 40 41 44 20
0653 05 06 26 27 38 39 01
0654 16 21 26 31 36 43 06
0655 07 37 38 39 40 44 18
0656 03 07 14 16 31 40 39
0657 10 14 19 39 40 43 23
0658 08 19 25 28 32 36 37
0659 07 18 19 27 29 42 45
0660 04 09 23 33 39 44 14
0661 02 03 12 20 27 38 40
0662 05 06 09 11 15 37 26
0663 03 05 08 19 38 42 20
0664 10 20 33 36 41 44 05
0665 05 06 11 17 38 44 13
0666 02 04 06 11 17 28 16
0667 15 17 25 37 42 43 13
0668 12 14 15 24 27 32 03
0669 07 08 20 29 33 38 09
0670 11 18 26 27 40 41 25
0671 07 09 10 13 31 35 24
0672 08 21 28 31 36 45 43
0673 07 10 17 29 33 44 05
0674 09 10 14 25 27 31 11
0675 01 08 11 15 18 45 07
0676 01 08 17 34 39 45 27
0677 12 15 24 36 41 44 42
0678 04 05 06 12 25 37 45
0679 03 05 07 14 26 34 35
0680 04 10 19 29 32 42 30
0681 21 24 27 29 43 44 07
0682 17 23 27 35 38 43 02
0683 06 13 20 27 28 40 15
0684 01 11 15 17 25 39 40
0685 06 07 12 28 38 40 18
0686 07 12 15 24 25 43 13
0687 01 08 10 13 28 42 45
0688 05 15 22 23 34 35 02
0689 07 17 19 30 36 38 34
0690 24 25 33 34 38 39 43
0691 15 27 33 35 43 45 16
0692 03 11 14 15 32 36 44
0693 01 06 11 28 34 42 30
0694 07 15 20 25 33 43 12
0695 04 18 26 33 34 38 14
0696 01 07 16 18 34 38 21
0697 02 05 08 11 33 39 31
0698 03 11 13 21 33 37 18
0699 04 05 08 16 21 29 03
0700 11 23 28 29 30 44 13
0701 03 10 14 16 36 38 35
0702 03 13 16 24 26 29 09
0703 10 28 31 33 41 44 21
0704 01 04 08 23 33 42 45
0705 01 06 17 22 28 45 23
0706 03 04 06 10 28 30 37
0707 02 12 19 24 39 44 35
0708 02 10 16 19 34 45 01
0709 10 18 30 36 39 44 32
0710 03 04 09 24 25 33 10
0711 11 15 24 35 37 45 42
0712 17 20 30 31 33 45 19
0713 02 05 15 18 19 23 44
0714 01 07 22 33 37 40 20
0715 02 07 27 33 41 44 10
0716 02 06 13 16 29 30 21
0717 02 11 19 25 28 32 44
0718 04 11 20 23 32 39 40
0719 04 08 13 19 20 43 26
0720 01 12 29 34 36 37 41
0721 01 28 35 41 43 44 31
0722 12 14 21 30 39 43 45
0723 20 30 33 35 36 44 22
0724 02 08 33 35 37 41 14
0725 06 07 19 21 41 43 38
0726 01 11 21 23 34 44 24
0727 07 08 10 19 21 31 20
0728 03 06 10 30 34 37 36
0729 11 17 21 26 36 45 16
0730 04 10 14 15 18 22 39
0731 02 07 13 25 42 45 39
0732 02 04 05 17 27 32 43
0733 11 24 32 33 35 40 13
0734 06 16 37 38 41 45 18
0735 05 10 13 27 37 41 04
0736 02 11 17 18 21 27 06
0737 13 15 18 24 27 41 11
0738 23 27 28 38 42 43 36
0739 07 22 29 33 34 35 30
0740 04 08 09 16 17 19 31
0741 05 21 27 34 44 45 16
0742 08 10 13 36 37 40 06
0743 15 19 21 34 41 44 10
0744 10 15 18 21 34 41 43
0745 01 02 03 09 12 23 10
0746 03 12 33 36 42 45 25
0747 07 09 12 14 23 28 17
0748 03 10 13 22 31 32 29
0749 12 14 24 26 34 45 41
0750 01 02 15 19 24 36 12
0751 03 04 16 20 28 44 17
0752 04 16 20 33 40 43 07
0753 02 17 19 24 37 41 03
0754 02 08 17 24 29 31 32
0755 13 14 26 28 30 36 37
0756 10 14 16 18 27 28 04
0757 06 07 11 17 33 44 01
0758 05 09 12 30 39 43 24
0759 09 33 36 40 42 43 32
0760 10 22 27 31 42 43 12
0761 04 07 11 24 42 45 30
0762 01 03 12 21 26 41 16
0763 03 08 16 32 34 43 10
0764 07 22 24 31 34 36 15
0765 01 03 08 12 42 43 33
0766 09 30 34 35 39 41 21
0767 05 15 20 31 34 42 22
0768 07 27 29 30 38 44 04
0769 05 07 11 16 41 45 04
0770 01 09 12 23 39 43 34
0771 06 10 17 18 21 29 30
0772 05 06 11 14 21 41 32
0773 08 12 19 21 31 35 44
0774 12 15 18 28 34 42 09
0775 11 12 29 33 38 42 17
0776 08 09 18 21 28 40 20
0777 06 12 17 21 34 37 18
0778 06 21 35 36 37 41 11
0779 06 12 19 24 34 41 04
0780 15 17 19 21 27 45 16
0781 11 16 18 19 24 39 43
0782 06 18 31 34 38 45 20
0783 14 15 16 17 38 45 36
0784 03 10 23 24 31 39 22
0785 04 06 15 25 26 33 40
0786 12 15 16 20 24 30 38
0787 05 06 13 16 27 28 09
0788 02 10 11 19 35 39 29
0789 02 06 07 12 19 45 38
0790 03 08 19 27 30 41 12
0791 02 10 12 31 33 42 32
0792 02 07 19 25 29 36 16
0793 10 15 21 35 38 43 31
0794 06 07 18 19 30 38 13
0795 03 10 13 26 34 38 36
0796 01 21 26 36 40 41 05
0797 05 22 31 32 39 45 36
0798 02 10 14 22 32 36 41
0799 12 17 23 34 42 45 33
0800 01 04 10 12 28 45 26
0801 17 25 28 37 43 44 02
0802 10 11 12 18 24 42 27
0803 05 09 14 26 30 43 02
0804 01 10 13 26 32 36 09
0805 03 12 13 18 31 32 42
0806 14 20 23 31 37 38 27
0807 06 10 18 25 34 35 33
0808 15 21 31 32 41 43 24
0809 06 11 15 17 23 40 39
0810 05 10 13 21 39 43 11
0811 08 11 19 21 36 45 25
0812 01 03 12 14 16 43 10
0813 11 30 34 35 42 44 27
0814 02 21 28 38 42 45 30
0815 17 21 25 26 27 36 04
0816 12 18 19 29 31 39 07
0817 03 09 12 13 25 43 34
0818 14 15 25 28 29 30 03
0819 16 25 33 38 40 45 15
0820 10 21 22 30 35 42 06
0821 01 12 13 24 29 44 16
0822 09 18 20 24 27 36 12
0823 12 18 24 26 39 40 15
0824 07 09 24 29 34 38 26
0825 08 15 21 31 33 38 42
0826 13 16 24 25 33 36 42
0827 05 11 12 29 33 44 14
0828 04 07 13 29 31 39 18
0829 04 05 31 35 43 45 29
0830 05 06 16 18 37 38 17
0831 03 10 16 19 31 39 09
0832 13 14 19 26 40 43 30
0833 12 18 30 39 41 42 19
0834 06 08 18 35 42 43 03
0835 09 10 13 28 38 45 35
0836 01 09 11 14 26 28 19
0837 02 25 28 30 33 45 06
0838 09 14 17 33 36 38 20
0839 03 09 11 12 13 19 35
0840 02 04 11 28 29 43 27
0841 05 11 14 30 33 38 24
0842 14 26 32 36 39 42 38
0843 19 21 30 33 34 42 04
0844 07 08 13 15 33 45 18
0845 01 16 29 33 40 45 06
0846 05 18 30 41 43 45 13
0847 12 16 26 28 30 42 22
0848 01 02 16 22 38 39 34
0849 05 13 17 29 34 39 03
0850 16 20 24 28 36 39 05
0851 14 18 22 26 31 44 40
0852 11 17 28 30 33 35 09
0853 02 08 23 26 27 44 13
0854 20 25 31 32 36 43 03
0855 08 15 17 19 43 44 07
0856 10 24 40 41 43 44 17
0857 06 10 16 28 34 38 43
0858 09 13 32 38 39 43 23
0859 08 22 35 38 39 41 24
0860 04 08 18 25 27 32 42
0861 11 17 19 21 22 25 24
0862 10 34 38 40 42 43 32
0863 16 21 28 35 39 43 12
0864 03 07 10 13 25 36 32
0865 03 15 22 32 33 45 02
0866 09 15 29 34 37 39 12
0867 14 17 19 22 24 40 41
0868 12 17 28 41 43 44 25
0869 02 06 20 27 37 39 04
0870 21 25 30 32 40 42 31
0871 02 06 12 26 30 34 38
0872 02 04 30 32 33 43 29
0873 03 05 12 13 33 39 38
0874 01 15 19 23 28 42 32
0875 19 22 30 34 39 44 36
0876 05 16 21 26 34 42 24
0877 05 17 18 22 23 43 12
0878 02 06 11 16 25 31 03
0879 01 04 10 14 15 35 20
0880 07 17 19 23 24 45 38
0881 04 18 20 26 27 32 09
0882 18 34 39 43 44 45 23
0883 09 18 32 33 37 44 22
0884 04 14 23 28 37 45 17
0885 01 03 24 27 39 45 31
0886 19 23 28 37 42 45 02
0886 19 23 28 37 42 45 02
0887 08 14 17 27 36 45 10
0888 03 07 12 31 34 38 32
0889 03 13 29 38 39 42 26
0890 01 04 14 18 29 37 06
0891 09 13 28 31 39 41 19
0892 04 09 17 18 26 42 36
0893 01 15 17 23 25 41 10 
0894 19 32 37 40 41 43 45
0895 16 26 31 38 39 41 23 
0897 06 07 12 22 26 36 29
0898 18 21 28 35 37 42 17
0899 08 19 20 21 33 39 37
0900 07 13 16 18 35 38 14
0901 05 18 20 23 30 34 21
0902 07 19 23 24 36 39 30
0903 02 15 16 21 22 28 45
0904 02 06 08 26 43 45 11
0905 03 04 16 27 38 40 20
0906 02 05 14 28 31 32 20
0907 21 27 29 38 40 44 37
0908 03 16 21 22 23 44 30
0909 07 24 29 30 34 35 33
0910 01 11 17 27 35 39 31
0911 04 05 12 14 32 42 35
0912 05 08 18 21 22 38 10
0913 06 14 16 21 27 37 40
0914 16 19 24 33 42 44 27
0915 02 06 11 13 22 37 14
0916 06 21 22 32 35 36 17
0917 01 03 23 24 27 43 34
0918 07 11 12 31 33 38 05
0919 09 14 17 18 42 44 35
0920 02 03 26 33 34 43 29
0921 05 07 12 22 28 41 01
0922 02 06 13 17 27 43 36
0923 03 17 18 23 36 41 26
0924 03 11 34 42 43 44 13
0925 13 24 32 34 39 42 04
0926 10 16 18 20 25 31 06
0927 04 15 22 38 41 43 26
0928 03 04 10 20 28 44 30
0929 07 09 12 15 19 23 04
0930 08 21 25 38 39 44 28
0931 14 15 23 25 35 43 32
0932 01 06 15 36 37 38 05
0933 23 27 29 31 36 45 37
0934 01 03 30 33 36 39 12
0935 04 10 20 32 38 44 18
0936 07 11 13 17 18 29 43
0937 02 10 13 22 29 40 26
0938 04 08 10 16 31 36 09
0939 04 11 28 39 42 45 06
0940 03 15 20 22 24 41 11
0941 12 14 25 27 39 40 35
0942 10 12 18 35 42 43 39
0943 01 08 13 36 44 45 39
0944 02 13 16 19 32 33 42
0945 09 10 15 30 33 37 26
0946 09 18 19 30 34 40 20
0947 03 08 17 20 27 35 26
0948 13 18 30 31 38 41 05
0949 14 21 35 36 40 44 30
0950 03 04 15 22 28 40 10
0951 02 12 30 31 39 43 38
0952 04 12 22 24 33 41 38
0953 07 09 22 27 37 42 34
0954 01 09 26 28 30 41 32
0955 04 09 23 26 29 33 08
0956 10 11 20 21 25 41 40
0957 04 15 24 35 36 40 01
0958 02 09 10 16 35 37 01
0959 01 14 15 24 40 41 35
0960 02 18 24 30 32 45 14
0961 11 20 29 31 33 42 43
0962 01 18 28 31 34 43 40
0963 06 12 19 23 34 42 35
0964 06 21 36 38 39 43 30
0965 02 13 25 28 29 36 34
0966 01 21 25 29 34 37 36
0967 01 06 13 37 38 40 09
0968 02 05 12 14 24 39 33
0969 03 09 10 29 40 45 07
0970 09 11 16 21 28 36 05
0971 02 06 17 18 21 26 07
0972 03 06 17 23 37 39 26
0973 22 26 31 37 41 42 24
0974 01 02 11 16 39 44 32
0975 07 08 09 17 22 24 05
0976 04 12 14 25 35 37 02
0977 02 09 10 14 22 44 16
0978 01 07 15 32 34 42 08
0979 07 11 16 21 27 33 24
0980 03 13 16 23 24 35 14
0981 27 36 37 41 43 45 32
0982 05 07 13 20 21 44 33
0983 13 23 26 31 35 43 15
0984 03 10 23 35 36 37 18
0985 17 21 23 30 34 44 19
0986 07 10 16 28 41 42 40
0987 02 04 15 23 29 38 07
0988 02 13 20 30 31 41 27
0989 17 18 21 27 29 33 26
0990 02 04 25 26 36 37 28
0991 13 18 25 31 33 44 38
0992 12 20 26 33 44 45 24
0993 06 14 16 18 24 42 44
0994 01 03 08 24 27 35 28
0995 01 04 13 29 38 39 07
0996 06 11 15 24 32 39 28
0997 04 07 14 16 24 44 20
0998 13 17 18 20 42 45 41
0999 01 03 09 14 18 28 34
1000 02 08 19 22 32 42 39
1001 06 10 12 14 20 42 15
1002 17 25 33 35 38 45 15
1003 01 04 29 39 43 45 31
1004 07 15 30 37 39 44 18
1005 08 13 18 24 27 29 17
1006 08 11 15 16 17 37 36
1007 08 11 16 19 21 25 40
1008 09 11 30 31 41 44 33
1009 15 23 29 34 40 44 20
1010 09 12 15 25 34 36 03
1011 01 09 12 26 35 38 42
1012 05 11 18 20 35 45 03
1013 21 22 26 34 36 41 32
1014 03 11 14 18 26 27 21
1015 14 23 31 33 37 40 44
1016 15 26 28 34 41 42 44
1017 12 18 22 23 30 34 32
1018 03 19 21 25 37 45 35
1019 01 04 13 17 34 39 06
1020 12 27 29 38 41 45 06
1021 12 15 17 24 29 45 16
1022 05 06 11 29 42 45 28
1023 10 14 16 18 29 35 25
1024 09 18 20 22 38 44 10
1025 08 09 20 25 29 33 07
1026 05 12 13 31 32 41 34
1027 14 16 27 35 39 45 05
1028 05 07 12 13 18 35 23
1029 12 30 32 37 39 41 24
1030 02 05 11 17 24 29 09
1031 06 07 22 32 35 36 19
1032 01 06 12 19 36 42 28
1033 03 11 15 20 35 44 10
1034 26 31 32 33 38 40 11
1035 09 14 34 35 41 42 02
1036 02 05 22 32 34 45 39
1037 02 14 15 22 27 33 31
1038 07 16 24 27 37 44 02
1039 02 03 06 19 36 39 26
1040 08 16 26 29 31 36 11
1041 06 07 09 11 17 18 45
1042 05 14 15 23 34 43 04
1043 03 05 12 22 26 31 19
1044 12 17 20 26 28 36 04
1045 06 14 15 19 21 41 37
1046 07 16 25 29 35 36 28
1047 02 20 33 40 42 44 32
1048 06 12 17 21 32 39 30
1049 03 05 13 20 21 37 17
1050 06 12 31 35 38 43 17
1051 21 26 30 32 33 35 44
1052 05 17 26 27 35 38 01
1053 22 26 29 30 34 45 15
1054 14 19 27 28 30 45 33
1056 04 07 12 14 22 33 31
1056 13 20 24 32 36 45 29
1057 08 13 19 27 40 45 12
1058 11 23 25 30 32 40 42
1059 07 10 22 25 34 40 27
1060 03 10 24 33 38 45 36
1061 04 24 27 35 37 45 15
1062 20 31 32 40 41 45 12
1063 03 06 22 23 24 38 30
1064 03 06 09 18 22 35 14
1065 03 18 19 23 32 45 24
1066 06 11 16 19 21 32 45
1067 07 10 19 23 28 33 18
1068 04 07 19 26 33 35 03
1069 01 10 18 22 28 31 44
1070 03 06 14 22 30 41 36
1071 01 02 11 21 30 35 39
1072 16 18 20 23 32 43 27
1073 06 18 28 30 32 38 15
1074 01 06 20 27 28 41 15
1075 01 23 24 35 44 45 10
1076 03 07 09 33 36 37 10
1077 04 08 17 30 40 43 34
1078 06 10 11 14 36 38 43
1079 04 08 18 24 37 45 06
1080 13 16 23 31 36 44 38
1081 01 09 16 23 24 38 17
1082 21 26 27 32 34 42 31
1083 03 07 14 15 22 38 17
1084 08 12 13 29 33 42 05
1085 04 07 17 18 38 44 36
1086 11 16 25 27 35 36 37
1087 13 14 18 21 34 44 16
1088 11 21 22 30 39 44 31
1089 04 18 31 37 42 43 40
1090 12 19 21 29 40 45 01
1091 06 20 23 24 28 30 44
1092 07 18 19 26 33 45 37
1093 10 17 22 30 35 43 44
1094 06 07 15 22 26 40 41
1095 08 14 28 29 34 40 12
1096 01 12 16 19 23 43 34
1097 14 33 34 35 37 40 04
1098 12 16 21 24 41 43 15
1099 03 20 28 38 40 43 04
1100 17 26 29 30 31 43 12
1101 06 07 13 28 36 42 41
1102 13 14 22 26 37 38 20
1103 10 12 29 31 40 44 02
1104 01 07 21 30 35 38 02
1105 06 16 34 37 39 40 11
1106 01 03 04 29 42 45 36
1107 06 14 30 31 40 41 29
1108 07 19 26 37 39 44 27
1109 10 12 13 19 33 40 02
1110 03 07 11 20 22 41 24
1111 03 13 30 33 43 45 04
1112 16 20 26 36 42 44 24
1113 11 13 20 21 32 44 08
1114 10 16 19 32 33 38 03
1115 07 12 23 32 34 36 08
1116 15 16 17 25 30 31 32
1117 03 04 09 30 33 36 07
1118 11 13 14 15 16 45 03
1119 01 09 12 13 20 45 03
1120 02 19 26 31 38 41 34
1121 06 24 31 32 38 44 08
1122 03 06 21 30 34 35 22
1123 13 19 21 24 34 35 26
1124 03 08 17 30 33 34 28
1125 06 14 25 33 40 44 30
1126 04 05 09 11 37 40 07
1127 10 15 24 30 31 37 32
1128 01 05 08 16 28 33 45
1129 05 10 11 17 28 34 22
1130 15 19 21 25 27 28 40
1131 01 02 06 14 27 38 33
1132 06 07 19 28 34 41 05
1133 13 14 20 28 29 34 23
1134 03 07 09 13 19 24 23
1135 01 06 13 19 21 33 04
1136 21 33 35 38 42 44 01
1137 04 09 12 15 33 45 26
1138 14 16 19 20 29 34 35
1139 05 12 15 30 37 40 18
1140 07 10 22 29 31 38 15
1141 07 11 12 21 26 35 20
1142 02 08 28 30 37 41 22
1143 10 16 17 27 28 36 06
1144 03 04 12 15 26 34 06
1145 02 11 31 33 37 44 32
1146 06 11 17 19 40 43 28
1147 07 11 24 26 27 37 32
1148 03 06 13 15 16 22 32
1149 08 15 19 21 32 36 38
1150 08 09 18 35 39 45 25
1151 02 03 09 15 27 29 08
1152 30 31 32 35 36 37 05
1153 01 09 10 13 35 44 05
1154 04 08 22 26 32 38 27
1155 10 16 19 27 37 38 13
1156 30 31 34 39 41 45 07
1157 05 07 12 20 25 26 28
1158 21 25 27 32 37 38 20
1159 03 09 27 28 38 39 07
1160 07 13 18 36 39 45 19
1161 02 12 20 24 34 42 37
1162 20 21 22 25 28 29 06
1163 02 13 15 16 33 43 04
1164 17 18 23 25 38 39 22
1165 06 07 27 29 38 45 17
1166 14 23 25 27 29 42 16
1167 08 23 31 35 39 40 24
1168 09 21 24 30 33 37 29
1169 05 12 24 26 39 42 20
1170 03 13 28 34 38 42 25
1171 03 06 07 11 12 17 19
1172 07 09 24 40 42 44 45
1173 01 05 18 20 30 35 03
1174 08 11 14 17 36 39 22
1175 03 04 06 08 32 42 31
1176 07 09 11 21 30 35 29
1177 03 07 15 16 19 43 21
1178 05 06 11 27 43 44 17
1179 03 16 18 24 40 44 21
1180 06 12 18 37 40 41 03
1181 08 10 14 20 33 41 28
1182 01 13 21 25 28 31 22
1183 04 15 17 23 27 36 31
1184 14 16 23 25 31 37 42
1185 06 17 22 28 29 32 38
1186 02 08 13 16 23 28 35
1187 05 13 26 29 37 40 42
1188 03 04 12 19 22 27 09
1189 09 19 29 35 37 38 31
1190 07 09 19 23 26 45 33
1191 01 04 11 12 20 41 02
1192 10 16 23 36 39 40 11
1193 06 09 16 19 24 28 17
1194 03 13 15 24 33 37 02
1195 03 15 27 33 34 36 37
1196 08 12 15 29 40 45 14
1197 01 05 07 26 28 43 30
1198 26 30 33 38 39 41 21
1199 16 24 25 30 31 32 07
1200 01 02 04 16 20 32 45
1201 07 09 24 27 35 36 37
1202 05 12 21 33 37 40 07
1203 03 06 18 29 35 39 24
1204 08 16 28 30 31 44 27
1205 01 04 16 23 31 41 02
1206 01 03 17 26 27 42 23
1207 10 22 24 27 38 45 11
1208 06 27 30 36 38 42 25
1209 02 17 20 35 37 39 24
1210 01 07 09 17 27 38 31
